Pedro Corrêa Rigotto - Matrícula 762281

1)
  a) x.(y'+z')'

	  m   x y z   x'  y'  z'  y'+z'  (y'+z')'  x.(y'+z')  
	  0   0 0 0   1   1   1 	1 		0 		0
	  1   0 0 1   1   1   0 	1 		0 		0
	  2   0 1 0   1   0   1 	1 	 	0 		0
	  3   0 1 1   1   0   0		0 		1 		0
	  4   1 0 0   0	  1   1 	1 		0 		0
	  5   1 0 1   0   1   0 	1 		0 		0
	  6   1 1 0   0   0   1 	1 		0 		0
	  7   1 1 1   0   0   0 	0 		1 		1

  b) (x'+y)'.z'

	  m   x y z   x'  y'  z'  x'+y  (x'+y)'  (x'+y)'.z'
	  0   0 0 0   1   1   1 	1	   0         0
	  1   0 0 1   1   1   0 	1	   0         0
	  2   0 1 0   1   0   1 	1	   0         0
	  3   0 1 1   1   0   0 	1	   0         0
	  4   1 0 0   0	  1   1 	0	   1         1
	  5   1 0 1   0   1   0 	0	   1         0
	  6   1 1 0   0   0   1 	1	   0         0
	  7   1 1 1   0   0   0 	1	   0         0

  c) (x'.y)'.z
  
	  m   x y z   x'  y'  z'  x'.y  (x'.y)'  (x'.y)'.z
	  0   0 0 0   1   1   1     0      1         0
	  1   0 0 1   1   1   0     0      1         1
	  2   0 1 0   1   0   1     1      0         0
	  3   0 1 1   1   0   0     1      0         0
	  4   1 0 0   0	  1   1     0      1         0
	  5   1 0 1   0   1   0     0      1         1
	  6   1 1 0   0   0   1     0      1         0
	  7   1 1 1   0   0   0     0      1         1
	  
  d) (x.y')'.z

	  m   x y z   x'  y'  z'  x.y'  (x.y')'  (x.y')'.z
	  0   0 0 0   1   1   1	   0       1         0
	  1   0 0 1   1   1   0    0       1         1
	  2   0 1 0   1   0   1    0       1         0
	  3   0 1 1   1   0   0    0       1         1
	  4   1 0 0   0	  1   1    1       0         0
	  5   1 0 1   0   1   0    1       0         0
	  6   1 1 0   0   0   1    0       1         0
	  7   1 1 1   0   0   0    0       1         1
	  
  e) (x+y).(y+z')
  
	  m   x y z   x'  y'  z'  x+y  y+z'  (x+y).(y+z')
	  0   0 0 0   1   1   1    0    1         0
	  1   0 0 1   1   1   0    0    0         0
	  2   0 1 0   1   0   1    1    1         1
	  3   0 1 1   1   0   0    1    1         1
	  4   1 0 0   0	  1   1    1    1         1
	  5   1 0 1   0   1   0    1    0         0
	  6   1 1 0   0   0   1    1    1         1
	  7   1 1 1   0   0   0    1    1         1
	  
	  
2)
  a) x.(x'+y')'
	=x.(x.y) 	de Morgan
	=(x.x).y	
	=x.y		
  
  b) (x'+y')+(x'.y)
	=y'+(x'+(x'.y))
	=y'+x'			absorção
  
  c) (x'.y')'.(x'+y')
	=(x+y).(x'+y')	de Morgan
	=((x+y).x')+((x+y).y') distributiva
	=((x.x')+(y.x'))+((x.y')+(y.y')) distributiva
	=(0+(y.x'))+((x.y')+0)
	=(y.x')+(x.y')
  
  d) (x.y')'+(x+y')'
	=(x'+y)+(x'.y)
	=y+(x'+(x'.y))
	=y+x'	absorção
	
  e) (y'+x)'.(y'+x)
	=0 		contradição
	
	
3)
  a) f(x,y,z) = m(2,4,6,7)
  
      m   x y z  SoP(2,4,6,7)
      0   0 0 0        0
      1   0 0 1        0
      2   0 1 0        1
      3   0 1 1        0
      4   1 0 0        1
      5   1 0 1        0
      6   1 1 0        1
      7   1 1 1        1
	  
  b) f(x,y,z) = m(1,3,4,7)
  
      m   x y z  SoP(1,3,4,7)
      0   0 0 0        0
      1   0 0 1        1
      2   0 1 0        0
      3   0 1 1        1
      4   1 0 0        1
      5   1 0 1        0
      6   1 1 0        0
      7   1 1 1        1
	  
  c) f(x,y,w,z) = m(1,2,5,6,9,12,14)
     
	  m   x y w z  SoP(1,2,5,6,9,12,14)
	  0   0 0 0 0         0
	  1   0 0 0 1         1
	  2   0 0 1 0         1
	  3   0 0 1 1         0
	  4   0 1 0 0         0
	  5   0 1 0 1         1
	  6   0 1 1 0         1
	  7   0 1 1 1         0
	  8   1 0 0 0         0
	  9   1 0 0 1         1
	  A   1 0 1 0         0
	  B   1 0 1 1         0
	  C   1 1 0 0         1
	  D   1 1 0 1         0
	  E   1 1 1 0         1
	  F   1 1 1 1         0

  d) f(x,y,w,z) = m(0,2,6,7,9,10,12)
  
      m   x y w z  SoP(0,2,6,7,9,10,12)
      0   0 0 0 0         1
      1   0 0 0 1         0
      2   0 0 1 0         1
      3   0 0 1 1         0
      4   0 1 0 0         0
      5   0 1 0 1         0
      6   0 1 1 0         1
      7   0 1 1 1         1
      8   1 0 0 0         0
      9   1 0 0 1         1
      A   1 0 1 0         1
      B   1 0 1 1         0
      C   1 1 0 0         1
      D   1 1 0 1         0
      E   1 1 1 0         0
      F   1 1 1 1         0
	  
  e) f(x,y,w,z) = m(1,2,3,5,7,13)
  
      m   x y w z  SoP(1,2,3,5,7,13)
      0   0 0 0 0         0
      1   0 0 0 1         1
      2   0 0 1 0         1
      3   0 0 1 1         1
      4   0 1 0 0         0
      5   0 1 0 1         1
      6   0 1 1 0         0
      7   0 1 1 1         1
      8   1 0 0 0         0
      9   1 0 0 1         0
      A   1 0 1 0         0
      B   1 0 1 1         0
      C   1 1 0 0         0
      D   1 1 0 1         1
      E   1 1 1 0         0
      F   1 1 1 1         0
	  
	  
4)
  a) F(X,Y,Z) = M(2,3,6,7)
  
    M   x y z  PoS(2,3,6,7)
    0   0 0 0       1
    1   0 0 1       1
    2   0 1 0       0
    3   0 1 1       0
    4   1 0 0       1
    5   1 0 1       1
    6   1 1 0       0
    7   1 1 1       0
	
  b) F(X,Y,Z) = M(0,2,3,5,7)
  
    M   x y z  PoS(0,2,3,5,7)
    0   0 0 0       0
    1   0 0 1       1
    2   0 1 0       0
    3   0 1 1       0
    4   1 0 0       1
    5   1 0 1       0
    6   1 1 0       1
    7   1 1 1       0
	
  c) F(X,Y,W,Z) = M(0,1,2,4,6,8,12,14)
  
    M   x y w z  PoS(0,1,2,4,6,8,12,14)
    0   0 0 0 0         0
    1   0 0 0 1         0
    2   0 0 1 0         0
    3   0 0 1 1         1
    4   0 1 0 0         0
    5   0 1 0 1         1
    6   0 1 1 0         0
    7   0 1 1 1         1
    8   1 0 0 0         0
    9   1 0 0 1         1
    A   1 0 1 0         1
    B   1 0 1 1         1
    C   1 1 0 0         0
    D   1 1 0 1         1
    E   1 1 1 0         0
    F   1 1 1 1         1
	
  d) F(X,Y,W,Z) = M(0,2,4,6,9,10,13)
  
    M   x y w z  PoS(0,2,4,6,9,10,13)
    0   0 0 0 0         0
    1   0 0 0 1         1
    2   0 0 1 0         0
    3   0 0 1 1         1
    4   0 1 0 0         0
    5   0 1 0 1         1
    6   0 1 1 0         0
    7   0 1 1 1         1
    8   1 0 0 0         1
    9   1 0 0 1         0
    A   1 0 1 0         0
    B   1 0 1 1         1
    C   1 1 0 0         1
    D   1 1 0 1         0
    E   1 1 1 0         1
    F   1 1 1 1         1
	
  e) F(X,Y,W,Z) = M(0,1,2,3,6,11,14)
  
    M   x y w z  PoS(0,1,2,3,6,11,14)
    0   0 0 0 0         0
    1   0 0 0 1         0
    2   0 0 1 0         0
    3   0 0 1 1         0
    4   0 1 0 0         1
    5   0 1 0 1         1
    6   0 1 1 0         0
    7   0 1 1 1         1
    8   1 0 0 0         1
    9   1 0 0 1         1
    A   1 0 1 0         1
    B   1 0 1 1         0
    C   1 1 0 0         1
    D   1 1 0 1         1
    E   1 1 1 0         0
    F   1 1 1 1         1
	
	
5)
  a) SoP(0,2,3) = (x'.y')+(x.y')+(x.y)
	 PoS(1) = (x+y')
  
  b) SoP(1,3) = (x'.y)+(x.y)
	 PoS(0,2) = (x+y).(x'+y)
	 
  c) SoP(0,2,4,6,7) = (x'.y'.z')+(x'.y.z')+(x.y'.z')+(x.y.z')+(x.y.z)
	 PoS(1,3,5) = (x+y+z').(x+y'+z').(x'+y+z')
	 
  d) SoP(0,1,2,3,6,7) = (x'.y'.z')+(x'.y'.z)+(x'.y.z')+(x'.y.z)+(x.y.z')+(x.y.z)
	 PoS(4,5) = (x'+y+z).(x'+y+z')
	 
  e) SoP(0,1,3,5,7,8,10,13,14,15) = (x'.y'.w'.z')+(x'.y'.w'.z)+(x'.y'.w.z)+(x'.y.w'.z)+(x'.y.w.z)+(x.y'.w'.z')+(x.y'.w.z')+(x.y.w'.z)+(x.y.w.z')+(x.y.w.z)
	 PoS(2,4,6,9,11,12) = (x+y+w'+z).(x+y'+w+z).(x+y'+w'+z).(x'+y+w+z').(x'+y+w'+z').(x'+y'+w+z)