A)
| #mintermos | mintermos | x y z | x | y'| z'| (y'.z')'| x+(y'.z')'|
|     0      |  x'.y'.z' | 0 0 0 | 0 | 1 | 1 |    0    |     0     |
|     1      |  x'.y'.z  | 0 0 1 | 0 | 1 | 0 |    1    |     1     |
|     2      |  x'.y.z'  | 0 1 0 | 0 | 0 | 1 |    1    |     1     |
|     3      |  x'.y.z   | 0 1 1 | 0 | 0 | 0 |    1    |     1     |
|     4      |  x.y'.z'  | 1 0 0 | 1 | 1 | 1 |    0    |     1     |
|     5      |  x.y'.z   | 1 0 1 | 1 | 1 | 0 |    1    |     1     |
|     6      |  x.y.z'   | 1 1 0 | 1 | 0 | 1 |    1    |     1     |
|     7      |  x.y.z    | 1 1 1 | 1 | 0 | 0 |    1    |     1     |

B)
| #mintermos | mintermos | x y z | x'| y | z'| (x'+y)'| (x'+y)'.z' |
|     0      |  x'.y'.z' | 0 0 0 | 1 | 0 | 1 |    0   |      0     |
|     1      |  x'.y'.z  | 0 0 1 | 1 | 0 | 0 |    0   |      0     |
|     2      |  x'.y.z'  | 0 1 0 | 1 | 1 | 1 |    0   |      0     |
|     3      |  x'.y.z   | 0 1 1 | 1 | 1 | 0 |    0   |      0     |
|     4      |  x.y'.z'  | 1 0 0 | 0 | 0 | 1 |    1   |      1     |
|     5      |  x.y'.z   | 1 0 1 | 0 | 0 | 0 |    1   |      0     |
|     6      |  x.y.z'   | 1 1 0 | 0 | 1 | 1 |    0   |      0     |
|     7      |  x.y.z    | 1 1 1 | 0 | 1 | 0 |    0   |      0     |

C)
| #mintermos | mintermos | x y z | x'| y | z | (x'.y)'| (x'+y)'.z  |
|     0      |  x'.y'.z' | 0 0 0 | 1 | 0 | 0 |    1   |      0     |
|     1      |  x'.y'.z  | 0 0 1 | 1 | 0 | 1 |    1   |      1     |
|     2      |  x'.y.z'  | 0 1 0 | 1 | 1 | 0 |    0   |      0     |
|     3      |  x'.y.z   | 0 1 1 | 1 | 1 | 1 |    0   |      0     |
|     4      |  x.y'.z'  | 1 0 0 | 0 | 0 | 0 |    1   |      1     |
|     5      |  x.y'.z   | 1 0 1 | 0 | 0 | 1 |    1   |      1     |
|     6      |  x.y.z'   | 1 1 0 | 0 | 1 | 0 |    1   |      0     |
|     7      |  x.y.z    | 1 1 1 | 0 | 1 | 1 |    1   |      1     |

D)
| #mintermos | mintermos | x y z | x | y'| z | (x.y')'| (x.y')'.z  |
|     0      |  x'.y'.z' | 0 0 0 | 1 | 1 | 0 |    1   |      0     |
|     1      |  x'.y'.z  | 0 0 1 | 1 | 1 | 1 |    1   |      1     |
|     2      |  x'.y.z'  | 0 1 0 | 1 | 0 | 0 |    0   |      0     |
|     3      |  x'.y.z   | 0 1 1 | 1 | 0 | 1 |    0   |      0     |
|     4      |  x.y'.z'  | 1 0 0 | 0 | 1 | 0 |    0   |      0     |
|     5      |  x.y'.z   | 1 0 1 | 0 | 1 | 1 |    0   |      0     |
|     6      |  x.y.z'   | 1 1 0 | 0 | 0 | 0 |    0   |      0     |
|     7      |  x.y.z    | 1 1 1 | 0 | 0 | 1 |    0   |      0     |

E)
| #mintermos | mintermos | x y z | x | y | z'|   x+y  |     y+z'   | (x+y).(y+z') |
|     0      |  x'.y'.z' | 0 0 0 | 0 | 0 | 1 |    0   |      1     |      0       | 
|     1      |  x'.y'.z  | 0 0 1 | 0 | 0 | 0 |    0   |      0     |      0       |
|     2      |  x'.y.z'  | 0 1 0 | 0 | 1 | 1 |    1   |      1     |      1       |
|     3      |  x'.y.z   | 0 1 1 | 0 | 1 | 0 |    1   |      1     |      1       |
|     4      |  x.y'.z'  | 1 0 0 | 1 | 0 | 1 |    1   |      1     |      1       |
|     5      |  x.y'.z   | 1 0 1 | 1 | 0 | 0 |    1   |      0     |      0       |
|     6      |  x.y.z'   | 1 1 0 | 1 | 1 | 1 |    1   |      1     |      1       |
|     7      |  x.y.z    | 1 1 1 | 1 | 1 | 0 |    1   |      1     |      1       |