Guia_0402
Nome: Caio Henrique Alvarenga Gonçalves
Matrícula: 750298

a.) x . ( x' + y' )' = x.y

x	y	xy          
0	0	0
0	0	0
0	1	0
0	1	0
1	0	0
1	0	0
1	1	1
1	1	1

x	y	z	x(x'+y')''
0	0	0	0
0	0	1	0
0	1	0	0
0	1	1	0
1	0	0	0
1	0	1	0
1	1	0	1
1	1	1	1

b.) ( x' + y' ) + ( x' . y ) = x'+y'

x	y	x'+y'
0	0	1
0	0	1
0	1	1
0	1	1
1	0	1
1	0	1
1	1	0
1	1	0

x	y	z	(x'+y')+(x'y)
0	0	0	1
0	0	1	1
0	1	0	1
0	1	1	1
1	0	0	1
1	0	1	1
1	1	0	0
1	1	1	0

c.) ( x' . y' )' . ( x' + y' ) = x'y+xy'

x	y	x'y+xy'
0	0	0
0	0	0
0	1	1
0	1	1
1	0	1
1	0	1
1	1	0
1	1	0


x	y	z	(x'.y')'.(x'+ y')
0	0	0	0
0	0	1	0
0	1	0	1
0	1	1	1
1	0	0	1
1	0	1	1
1	1	0	0
1	1	1	0


d.) ( x . y' )' + ( x + y' )' = x'+ y


x	y	x'+y
0	0	1
0	0	1
0	1	1
0	1	1
1	0	0
1	0	0
1	1	1
1	1	1


x	y	z	( x . y' )' + ( x + y' )'
0	0	0	1
0	0	1	1
0	1	0	1
0	1	1	1
1	0	0	0
1	0	1	0
1	1	0	1
1	1	1	1


e.) ( y' + x )' . ( y' + x ) = 0

x	y	0
0	0	0
0	0	0
0	1	0
0	1	0
1	0	0
1	0	0
1	1	0
1	1	0

x	y	z	( y' + x )' . ( y' + x )
0	0	0	0
0	0	1	0
0	1	0	0
0	1	1	0
1	0	0	0
1	0	1	0
1	1	0	0
1	1	1	0
