Nome: Bruno Mello Couto
Matricula:00683618

a)

    M     x y z      MAXTERMOS          Pos(2,3,6,7)
    0     0 0 0      x'.y'.z'                 1
    1     0 0 1      x'.y'.z                  1
    2     0 1 0      x'.y.z' =M1              0
    3     0 1 1      x'.y.z  =M2              0
    4     1 0 0      x.y'.z                   1 
    5     1 0 1      x.y'.z                   0
    6     1 1 0      x.y.z'  =M3              0
    7     1 1 1      x.y.z   =M4              0
    
     Pos(2,3,6,7)=0
     
  b) F (X,Y,Z) = π M ( 0, 2, 3, 5, 7 )
  
    M     x y z      MAXTERMOS          Pos(0,2,3,5,7)
    0     0 0 0      x'.y'.z' =M              0
    1     0 0 1      x'.y'.z                  1
    2     0 1 0      x'.y.z'      =M2         0
    3     0 1 1      x'.y.z  =M3              0
    4     1 0 0      x.y'.z                   1 
    5     1 0 1      x.y'.z     =M4           0
    6     1 1 0      x.y.z'                   1
    7     1 1 1      x.y.z   =M5              0
    
    Pos(0,2,3,5,7)=0
    
 c) F (X,Y,W,Z) = π M ( 0, 1, 2, 4, 6, 8, 12, 14 )
 
    M     x y z w     MAXTERMOS          Sop(0,2,3,4,6,8,12,14)
    0     0 0 0 1     x'.y'.z'.w =M1             0      
    1     0 0 1 1     x'.y'.z.w                  1
    2     0 1 0 1     x'.y.z'.w =M2              0   
    3     0 1 1 1     x'.y.z.w  =M3              0
    4     1 0 0 1     x.y'.z.w  =M4              0
    5     1 0 1 1     x.y'.z.w                   1  
    6     1 1 0 1     x.y.z'.w =M5               0  
    7     1 1 1 1     x.y.z.w                    1
    8     0 0 0 0     x'.y'.z'.w'=M6             0
    9     0 0 1 0     x'.y'.z.w'                 1
    10    0 1 0 0     x'.y.z'.w'                 1
    11    0 1 1 0     x'.y.z.w'                  1
    12    1 0 0 0     x.y'.z.w'=M7               0
    13    1 0 1 0     x.y'.z.w'                  1
    14    1 1 0 0     x.y.z'.w'=M8               0   
    15    1 1 1 0     x.y.z.w'                   1
    16    1 1 1 1     x.y.z.w                    1
    
    Sop(0,2,3,4,6,8,12,14)=0
    
    d) F (X,Y,W,Z) = π M ( 0, 2, 4, 6, 9, 10, 13 )
    
    M     x y z w     MAXTERMOS          Sop(0,2,4,6,9,10,13)
    0     0 0 0 1     x'.y'.z'.w =M1             0      
    1     0 0 1 1     x'.y'.z.w                  1
    2     0 1 0 1     x'.y.z'.w =M2              0   
    3     0 1 1 1     x'.y.z.w                   1
    4     1 0 0 1     x.y'.z.w  =M3              0
    5     1 0 1 1     x.y'.z.w                   1  
    6     1 1 0 1     x.y.z'.w =M4               0  
    7     1 1 1 1     x.y.z.w                    1
    8     0 0 0 0     x'.y'.z'.w'                1
    9     0 0 1 0     x'.y'.z.w'=M5              0
    10    0 1 0 0     x'.y.z'.w'=M6              0
    11    0 1 1 0     x'.y.z.w'                  1
    12    1 0 0 0     x.y'.z.w'                  1
    13    1 0 1 0     x.y'.z.w' =M7              0
    14    1 1 0 0     x.y.z'.w'                  1   
    15    1 1 1 0     x.y.z.w'                   1
    16    1 1 1 1     x.y.z.w                    1
    
    Sop(0,2,4,6,9,10,13)=0
    
    e) F (X,Y,W,Z) = π M ( 0, 1, 2, 3, 6, 11, 14 )
    
    M     x y z w     MAXTERMOS          Sop(0,1,2,3,6,11,14)
    0     0 0 0 1     x'.y'.z'.w =M1             0      
    1     0 0 1 1     x'.y'.z.w  =M2             0
    2     0 1 0 1     x'.y.z'.w =M3              0   
    3     0 1 1 1     x'.y.z.w  =M4              0
    4     1 0 0 1     x.y'.z.w                   1
    5     1 0 1 1     x.y'.z.w                   1  
    6     1 1 0 1     x.y.z'.w =M5               0  
    7     1 1 1 1     x.y.z.w                    1
    8     0 0 0 0     x'.y'.z'.w'                1
    9     0 0 1 0     x'.y'.z.w'                 1
    10    0 1 0 0     x'.y.z'.w'                 1
    11    0 1 1 0     x'.y.z.w' =M6              0
    12    1 0 0 0     x.y'.z.w'                  1
    13    1 0 1 0     x.y'.z.w'                  1
    14    1 1 0 0     x.y.z'.w' =M7              0   
    15    1 1 1 0     x.y.z.w'                   1
    16    1 1 1 1     x.y.z.w                    1
    
    Sop(0,1,2,3,6,11,14)=0
